1000 67.2456 31.6228
10.9524 18.3665 11.1847 20.298 1.94543
60.13 23.2931 59.5619 25.0979 1.89203
2.66479 16.6475 1.88353 17.9994 1.56135
63.0202 2.74159 63.1518 4.15862 1.42313
16.52 1.22855 16.451 2.94308 1.71591
41.4916 24.0084 41.1393 24.4135 0.536797
54.2027 12.6963 53.6537 13.1337 0.701968
4.33348 17.9773 5.27575 18.5764 1.1166
10.0624 22.744 10.7071 24.0808 1.48411
44.7125 5.75291 44.207 6.91487 1.26716
2.83071 8.23809 3.78441 9.38819 1.49408
45.7783 30.3645 44.9347 31.4696 1.39032
50.9755 1.39215 51.6957 3.15539 1.90467
51.5093 24.7569 50.3372 26.3524 1.97971
46.9296 5.63187 46.182 7.35649 1.87972
5.28101 11.7885 5.09549 13.1947 1.41843
32.5222 6.79959 32.34 8.21679 1.42886
54.119 7.24047 53.058 8.55163 1.68664
25.2173 20.7468 25.2917 22.2326 1.48766
21.9125 20.3741 21.5189 22.1135 1.78337
6.79967 6.04987 7.78975 7.10381 1.44605
29.4621 4.20962 30.3024 4.30866 0.846183
12.0228 2.35106 12.793 2.60743 0.811749
25.5427 8.79523 26.0033 9.33568 0.710081
56.5336 3.09356 57.1093 4.45477 1.47794
51.2062 6.72463 52.1103 7.95487 1.5267
34.8374 0.834 34.9771 1.34601 0.530713
22.3411 16.2074 23.6361 16.3676 1.3049
44.0622 27.6872 45.0554 29.0179 1.66043
37.7106 15.9753 36.0146 16.2982 1.7265
27.2027 1.29131 27.3788 2.09574 0.823491
25.7798 18.987 24.1854 19.8853 1.83002
56.7949 2.33802 57.8981 2.65612 1.14808
50.0634 26.9707 51.7527 27.0857 1.69324
17.0338 21.4064 16.0057 22.0654 1.22115
32.6949 20.2995 32.8649 20.921 0.644293
53.5472 0.782714 54.778 1.16732 1.2895
40.4675 2.65454 40.3124 3.96195 1.31657
57.6878 23.0652 56.9801 23.9584 1.13962
19.5107 4.97053 18.0029 6.24869 1.97667
5.96445 8.39404 5.92538 9.79604 1.40254
15.4436 24.4944 16.0858 24.9867 0.809193
28.0156 4.39479 28.3762 5.54833 1.20858
32.7263 15.3722 31.4915 15.9693 1.37169
16.6418 24.3015 17.2294 25.323 1.17847
56.6279 21.0223 56.4161 22.1497 1.14713
35.2267 20.4983 34.5812 21.632 1.30459
9.15758 11.7896 7.86284 12.8298 1.66085
10.4028 6.44024 11.5204 6.44714 1.11767
53.2633 11.6643 54.1202 12.6601 1.3138
14.1673 14.8351 14.4288 15.5531 0.76418
36.5701 11.485 36.6384 12.8551 1.37179
23.6048 21.2125 23.8914 23.0901 1.8993
12.6958 5.71811 12.827 6.69577 0.986426
25.0569 0.141536 26.0235 0.545131 1.04749
33.3906 3.43883 32.2042 3.95421 1.29357
45.0099 30.8006 43.4021 31.2378 1.6662
51.403 17.9246 50.115 18.9097 1.62152
28.223 14.0249 28.4288 15.6111 1.5995
43.6741 24.964 43.4177 25.5851 0.671842
24.9423 7.61638 25.7417 7.78934 0.817956
11.0866 28.6929 9.84881 29.7708 1.64135
10.3577 27.7748 8.8077 28.621 1.76592
15.8865 5.14511 14.7991 6.05556 1.4182
53.1712 27.4282 52.9356 27.8714 0.501948
24.4762 6.76426 24.6064 8.55792 1.79838
47.4241 27.256 49.1239 27.9008 1.81797
40.1072 15.9212 41.8637 16.8432 1.98385
41.1899 22.6216 39.6909 22.9196 1.52831
48.4491 9.73246 47.9968 9.95346 0.503411
21.4332 15.4902 23.2331 16.0275 1.87832
27.3352 14.522 27.4647 16.392 1.87445
5.71804 3.29859 4.62206 4.10733 1.36206
32.1875 16.5271 32.5446 18.1356 1.64763
10.7417 30.5427 9.06916 31.1244 1.77082
9.80272 19.3865 9.38167 20.1501 0.871994
60.6445 11.2817 60.3706 11.8364 0.618631
41.1918 24.1802 39.8102 24.5624 1.43357
10.9692 2.8378 10.0513 4.01763 1.49484
52.2041 30.9764 53.289 30.9783 1.08488
53.6709 22.7433 53.8895 23.7799 1.05939
38.2125 20.8014 38.0461 21.4366 0.65663
59.819 3.37202 58.3752 4.06565 1.6018
6.73305 20.5084 7.36763 20.7294 0.671954
44.1951 3.74232 42.289 3.74294 1.90606
15.2664 1.66767 14.883 2.53873 0.951703
54.9615 2.88529 55.3214 3.46413 0.68161
36.1775 18.487 36.5138 19.0814 0.682904
39.9695 27.486 39.8867 28.3008 0.818977
8.02933 22.7415 9.12843 24.3414 1.94112
58.3746 16.3658 58.7238 17.7243 1.40267
56.0066 20.1846 57.0669 20.5746 1.12972
7.25653 5.73126 7.60013 6.74247 1.06798
48.1892 8.74898 48.2873 9.93854 1.1936
58.2844 17.4278 57.7949 18.3498 1.04386
23.9731 7.80348 24.7858 9.47075 1.85477
31.4903 19.7485 30.7888 19.9069 0.719147
44.3176 17.7693 43.3663 18.3842 1.13273
29.2861 17.3482 29.0987 18.4973 1.16422
58.9917 9.29725 57.3368 9.65564 1.69332
21.0116 18.6415 21.7475 19.3456 1.01852
4.30606 11.7969 4.99818 11.9973 0.720562
5.48493 10.6292 4.16944 12.039 1.92818
14.4173 0.487534 13.5031 0.995866 1.04602
49.4676 18.6928 49.1158 19.088 0.529099
50.4936 26.344 49.9208 26.486 0.590121
8.26743 2.75847 7.61607 4.21463 1.5952
22.8202 15.7621 21.8998 17.5169 1.98157
40.347 30.1697 39.9862 31.5453 1.42207
58.7312 12.0371 59.2344 12.14 0.513641
52.9586 3.91524 53.6516 4.94915 1.24469
49.0392 1.8903 48.9853 3.47599 1.5866
37.6917 19.948 36.1404 20.303 1.59136
14.8129 2.68702 15.0442 4.04123 1.37382
42.3796 2.23414 43.418 3.16477 1.3944
9.55752 12.541 10.6876 12.8442 1.17001
4.23294 5.14047 3.15033 6.03574 1.40484
9.51298 27.3667 9.18136 28.6822 1.35661
7.96262 15.5184 8.16673 16.2244 0.734871
27.3117 1.56781 29.1143 1.79443 1.81677
59.6241 23.3672 59.1087 24.0791 0.878884
21.3675 4.22927 21.3105 4.8358 0.609193
27.3192 11.5821 26.3455 12.9738 1.6985
44.6783 6.85315 46.0268 8.15565 1.87477
33.4337 30.8387 32.1245 31.002 1.31932
16.0412 15.688 16.7073 17.3699 1.80898
50.0288 17.7152 51.7598 18.6371 1.96117
38.2665 12.5641 39.0553 14.347 1.94957
12.6378 29.4372 13.8618 30.9719 1.96307
25.6924 3.37603 25.2492 3.88082 0.67171
3.56288 23.5248 3.86211 24.6781 1.19147
13.078 28 13.3294 28.5239 0.581073
4.27461 15.6711 5.94592 16.4299 1.83549
15.7128 16.5115 14.8851 17.2241 1.09221
31.1821 12.6677 32.1196 13.6662 1.36958
17.1291 1.28718 15.6292 2.0523 1.68374
29.7816 22.443 31.3465 23.449 1.86033
59.0117 2.7363 57.6657 3.53132 1.56327
21.3972 5.76407 22.0696 6.09256 0.748404
15.8463 26.8984 15.5644 27.5975 0.753878
4.22743 18.0704 3.81209 19.6947 1.67656
17.6117 7.13185 18.8416 7.91794 1.4596
54.8147 29.6179 54.0671 30.2462 0.976602
49.2251 21.5861 49.2875 22.5685 0.984362
51.0619 26.6476 50.2015 27.3028 1.08146
42.0461 24.0343 41.1813 24.31 0.907695
8.13992 3.62176 8.61988 4.49905 1.00001
46.2831 25.1087 48.2222 25.5278 1.98392
3.80489 5.81031 2.88022 6.15265 0.986003
7.43998 25.1069 9.27664 25.8787 1.99222
35.1284 23.6099 35.6267 23.8595 0.55726
57.4136 21.4382 57.7037 22.371 0.976872
26.5921 9.4683 26.2792 10.6156 1.1892
61.0156 22.0872 61.5879 22.4515 0.678412
30.8953 1.94479 32.682 2.38925 1.84109
1.80982 1.04749 3.33096 2.12373 1.86337
62.6835 7.72538 61.4847 8.79487 1.60651
63.8892 5.26231 64.4717 6.37992 1.26029
33.1174 9.28154 32.6879 10.886 1.66097
38.4256 13.9683 37.6159 14.6421 1.05328
23.3473 10.5351 24.4897 11.104 1.27623
34.192 18.4499 32.6345 18.7183 1.58052
40.9422 14.8449 40.9643 15.5141 0.669541
49.2166 3.28158 50.4327 3.57519 1.25095
60.568 29.7146 61.5765 31.4075 1.97052
15.1258 25.7899 17.0272 25.9889 1.91173
15.3314 15.9009 15.6766 16.6856 0.85725
8.60505 31.0681 8.03724 31.0785 0.567907
11.3624 9.66302 11.4105 10.1676 0.506921
55.9761 27.8528 55.414 29.1833 1.44438
45.492 2.58313 45.9031 2.91699 0.529586
28.7854 27.6137 29.4624 27.6369 0.677371
21.0744 10.3484 21.1716 11.1888 0.845959
24.2173 9.35741 26.1938 9.63881 1.99642
37.2006 4.08631 36.6171 5.26317 1.31356
45.082 20.7089 46.474 20.8851 1.40313
18.1474 19.4434 19.7387 20.1036 1.72278
9.37809 30.1626 8.34017 30.3019 1.04722
40.0083 0.0307108 40.8541 0.0573734 0.846219
46.7591 16.1797 45.9944 16.5681 0.857631
40.6419 9.43838 41.9882 9.53078 1.34949
64.8153 25.3538 65.9771 26.6043 1.70686
17.18 28.8173 18.0331 30.2092 1.63255
44.698 23.4536 45.6589 24.1956 1.21408
43.2536 6.1592 41.696 6.49337 1.59304
8.7547 17.5308 10.1967 17.7824 1.46378
37.2041 14.9818 36.9122 15.4772 0.575021
18.2681 5.68578 18.5455 7.27942 1.61761
2.57823 11.5214 3.12428 12.8474 1.43404
38.0893 6.2008 39.7786 6.48474 1.71303
49.3663 13.6724 49.6832 15.4712 1.8265
56.5139 30.0406 57.1397 30.5618 0.814405
19.5177 8.12427 20.8836 8.42254 1.39805
56.3083 11.1939 55.4931 11.4577 0.856826
57.8816 22.237 59.0279 22.9587 1.35452
17.9878 15.7971 17.0018 16.9383 1.50817
39.3412 9.2895 40.2986 9.47743 0.975707
39.4483 16.632 41.0343 17.6624 1.89131
14.5246 3.73715 13.2538 4.27899 1.38152
37.0422 15.3069 36.6769 16.7036 1.44373
11.6829 10.3798 11.7515 11.1416 0.764877
58.4954 4.46798 57.7715 5.23227 1.05271
31.1242 22.5502 31.456 23.0926 0.635828
36.8242 22.4682 37.9021 24.1181 1.97083
4.71205 17.3934 3.18962 17.9747 1.62963
43.6916 15.008 44.3169 15.7811 0.994318
48.9345 1.69012 49.7795 2.33786 1.06472
48.2511 13.1147 48.7874 13.2777 0.560489
53.8462 10.9042 53.0446 11.552 1.0307
20.619 22.2016 20.42 23.9974 1.80674
31.3721 25.5742 32.5383 26.0948 1.27709
57.0653 18.2165 56.9485 19.8472 1.63488
32.8118 27.2386 32.0256 27.3419 0.792982
38.8669 28.7426 39.4065 29.7928 1.18076
59.0238 11.3754 58.2912 11.984 0.952435
6.82889 23.8377 8.37145 24.8269 1.83249
48.5513 19.9496 47.6727 20.0986 0.891188
28.9511 8.62111 28.4836 9.88534 1.34789
62.0316 31.39 60.8039 31.4032 1.22775
44.9204 9.55206 46.5618 9.84086 1.66666
21.9196 21.9593 22.3075 23.2078 1.30734
52.341 1.91671 52.0626 3.71646 1.82116
12.1168 5.49755 11.8981 6.06468 0.607827
7.64245 17.9356 7.21824 19.5307 1.65047
26.4552 19.5864 25.8611 19.6499 0.597457
32.5265 30.9195 32.843 31.4312 0.60171
45.4571 16.6057 46.8121 17.6169 1.69072
57.9997 12.6832 57.1169 13.9662 1.5574
54.916 30.7985 56.7652 31.4229 1.95172
56.2176 5.4569 55.1117 5.61946 1.11779
56.7532 0.801381 55.9542 1.24026 0.911592
2.69223 6.38154 4.0596 7.50334 1.76864
49.1915 0.563258 50.0572 1.38933 1.1966
5.34938 25.551 5.39251 27.4755 1.92499
57.2781 21.2463 57.1679 22.2782 1.03775
41.2003 15.9351 40.8716 16.6942 0.82718
20.2849 29.641 19.3059 30.5283 1.32122
48.2683 20.7817 47.9853 21.5554 0.82388
26.4513 29.6093 26.0745 31.3176 1.74942
21.9344 23.2156 23.1209 24.2577 1.5792
55.4314 29.332 54.5951 30.7744 1.66733
29.2706 10.135 30.4592 10.5067 1.24531
33.4618 19.3387 33.5775 20.0964 0.76644
18.5538 22.9963 19.269 23.4327 0.837864
41.9128 6.48649 41.6644 7.30523 0.855596
25.4363 5.74947 24.954 6.28335 0.719414
59.4574 17.1123 59.3462 17.6868 0.585227
12.1606 4.57942 11.1837 4.98114 1.05631
5.98228 2.51078 6.56403 3.03569 0.783562
48.0591 1.64025 47.5626 2.71417 1.18315
64.6507 9.04704 66.452 9.72542 1.92476
63.2634 8.0796 61.6671 8.79514 1.74927
28.7215 19.9452 27.7163 20.3277 1.07551
42.7441 2.5578 42.546 3.53572 0.997793
61.9822 1.40595 60.9767 2.37916 1.39934
58.1121 25.5944 58.9623 26.2246 1.05827
9.4704 21.7558 8.82528 21.7766 0.645454
42.424 8.42158 42.7733 8.83828 0.543735
32.7448 14.7981 34.0337 15.8938 1.69168
35.1728 2.62941 35.7501 2.85048 0.618173
22.1262 24.5262 21.9886 25.0108 0.503675
22.6708 3.70877 21.0607 4.59902 1.83987
46.4617 2.82453 46.6491 3.85354 1.04596
49.5576 4.7147 50.9864 4.98951 1.45505
5.91943 13.2695 5.17306 14.6263 1.54855
41.5892 16.06 41.1431 16.2871 0.50055
50.3325 28.9699 49.6422 28.977 0.690351
14.765 28.7263 13.6643 29.2772 1.23085
3.48418 1.00798 3.97688 1.62761 0.791641
11.9944 24.3283 11.8295 25.0073 0.698726
65.2432 18.2226 63.9012 19.3987 1.78443
12.4164 8.97761 13.6962 10.4508 1.95144
56.2854 25.5842 54.6793 26.1951 1.71839
44.1489 10.1198 44.2495 10.9657 0.851814
27.9089 4.13761 28.0485 4.74446 0.622691
64.4633 6.28871 64.0916 7.19066 0.975548
27.8186 6.87097 29.5099 7.28857 1.74214
6.77692 4.64798 8.07579 5.73049 1.69083
27.5334 17.9261 26.2101 18.76 1.56417
43.8889 13.6049 44.0374 14.5985 1.00462
64.9395 2.32348 64.8498 3.73998 1.41933
19.6242 1.26414 17.9487 2.19323 1.9159
14.9609 1.49661 13.3295 2.5691 1.9523
0.581524 17.8746 2.40755 18.4076 1.90221
51.1801 30.8185 51.8477 31.0626 0.710817
34.3641 9.69805 36.3126 10.083 1.98608
57.1369 1.74053 57.1483 2.33353 0.593111
49.5905 29.8014 50.3716 30.2244 0.888269
8.40119 7.48748 8.27443 8.53235 1.05254
17.1423 5.53285 18.9154 6.32308 1.94122
41.1678 14.6272 40.5456 14.6863 0.624992
29.393 29.154 29.0167 29.5986 0.582405
59.6044 21.5419 59.6805 22.3283 0.789996
30.9456 8.01716 31.6333 8.19992 0.711583
16.3929 4.2593 15.6034 4.35099 0.794818
45.9067 7.19183 44.6165 8.34933 1.73336
26.9067 17.0347 26.6231 18.0872 1.09002
31.0663 0.444851 29.616 1.57844 1.84073
61.4907 25.1669 62.4166 26.5975 1.70404
22.2392 3.38281 23.6923 3.62746 1.47352
47.4323 23.2544 48.1423 23.3816 0.721339
35.7718 24.0613 36.7273 25.3827 1.63071
11.2482 8.96746 11.375 9.91866 0.959616
38.6767 13.6116 37.7045 15.1021 1.77954
60.6617 30.3629 60.5157 31.4001 1.04747
53.5171 7.64739 54.1152 8.59506 1.1206
2.9095 4.92242 2.19262 5.29963 0.81007
33.1189 11.1058 32.7258 11.6932 0.706762
63.5786 8.84381 63.536 9.49528 0.652862
61.2431 28.9149 60.5283 29.0705 0.731491
65.0368 4.87598 64.4747 5.95906 1.22029
49.0225 13.2524 50.0057 13.7435 1.09899
7.654 20.2221 6.97059 21.7575 1.68066
18.2335 31.2479 17.68 31.3141 0.55743
47.8065 26.3045 46.5232 26.8463 1.39299
35.4988 26.1144 35.0201 26.4042 0.559653
59.4722 9.37747 61.0536 9.84851 1.65001
58.4086 9.67239 58.2609 10.5146 0.855026
16.2286 28.029 16.4579 29.9484 1.93303
53.0994 1.88351 53.7356 2.19421 0.708056
42.3844 20.1723 40.7421 20.5958 1.69601
19.3958 1.65591 17.9098 1.72529 1.48767
19.0191 7.23902 19.2867 7.80512 0.626177
9.82309 25.1864 8.5383 25.5645 1.33927
56.0503 16.9795 55.7594 18.2356 1.28928
62.3826 22.4636 61.9058 22.8554 0.617074
43.8024 15.0084 43.8395 16.1274 1.11963
26.4776 30.5591 25.2174 30.5774 1.26039
26.0853 8.91164 27.5741 9.07911 1.49813
52.9646 6.52655 51.954 7.64551 1.50778
62.3246 28.1026 62.7212 28.5541 0.600881
31.7935 3.46654 31.7898 4.95999 1.49346
55.0731 5.27609 55.9348 6.12102 1.20685
58.2445 17.45 57.1381 18.6371 1.6227
57.6772 15.5282 57.2927 16.7982 1.32692
1.85008 3.246 2.37498 3.99974 0.918495
15.7769 5.88403 15.0936 6.39407 0.852653
64.2158 19.5283 62.324 19.971 1.94297
45.1919 24.0325 43.7001 24.2748 1.51133
17.6124 2.98587 17.7711 4.96252 1.98301
8.23851 27.6301 6.93073 28.6258 1.64367
26.0235 19.7191 27.8571 19.9346 1.8462
37.9514 17.3239 38.929 17.7944 1.08487
28.6503 9.64551 28.7157 10.1704 0.52895
51.0734 5.45245 51.6507 6.04197 0.825117
49.3757 29.8501 48.7683 30.0056 0.627013
22.3839 19.1526 23.4267 19.6583 1.15895
40.3584 29.5557 39.074 29.66 1.28862
17.326 12.2945 17.3161 13.1168 0.822355
10.9127 9.32774 10.1505 10.6721 1.5454
45.0593 8.85917 46.6349 9.10595 1.59487
12.8851 16.166 12.9904 17.0396 0.879977
29.5166 4.55563 30.8144 5.22937 1.46223
8.47911 21.0101 10.3237 21.0645 1.84539
33.5233 8.21062 34.3446 8.48675 0.866497
33.8569 0.578136 34.5359 1.15691 0.892227
49.8263 15.7052 50.4025 16.4098 0.910207
3.51879 3.83677 3.06704 4.95028 1.20167
49.7069 11.5918 48.2901 12.7887 1.85474
17.6929 14.4703 17.3948 15.5273 1.0982
16.8964 11.0553 15.0799 11.6582 1.9139
25.329 16.7772 24.7748 17.8732 1.22818
12.6994 19.7131 12.9649 20.4476 0.781049
34.0438 15.677 33.4562 15.9847 0.663263
10.069 12.3849 10.1139 13.7508 1.3666
8.70592 19.0921 7.03244 19.5058 1.72385
58.7078 16.3299 57.9652 17.1785 1.1276
51.0355 5.89355 49.9026 6.05912 1.14492
58.6069 11.6782 59.1571 11.6981 0.550542
10.824 16.3782 10.8616 17.8169 1.43916
3.78111 17.981 2.83836 18.4588 1.05692
16.2888 28.6514 16.8946 29.1678 0.796034
17.4977 5.1134 16.8939 5.33162 0.641959
6.3035 27.5588 5.35788 27.9585 1.02664
49.8287 22.8582 48.9018 23.1958 0.986475
9.07889 5.77748 8.65808 7.63065 1.90034
8.86179 16.5173 7.77461 16.7496 1.11172
62.8316 10.3862 62.1661 10.5747 0.691751
35.3665 28.1395 35.6855 29.654 1.54778
3.69243 12.3553 4.46349 12.5045 0.785355
48.7506 11.4149 48.6437 12.3985 0.989435
63.1661 23.4395 63.2836 24.0184 0.590702
42.0421 3.34787 42.6368 3.51235 0.617051
52.7425 13.6483 52.3396 15.0702 1.47783
39.076 8.91616 39.4859 10.3888 1.52866
27.029 16.9833 27.6642 17.6656 0.932263
29.356 20.7888 30.1976 21.9072 1.3997
51.23 11.2728 51.1422 12.6634 1.39335
7.96982 29.7914 7.61293 30.7996 1.06944
57.2617 20.9652 56.7406 21.4825 0.734248
43.9408 1.96926 43.0502 2.67457 1.13606
33.5738 15.8785 33.5394 17.5664 1.68821
40.0804 28.2659 39.7644 28.9949 0.794495
42.1418 30.4649 42.9792 30.945 0.965345
48.0799 27.8238 47.2871 28.0501 0.824476
43.6332 26.3894 42.9853 26.4543 0.651148
26.3191 0.489605 26.7341 2.00477 1.57098
59.0435 11.7008 58.0357 12.9079 1.57249
5.02946 14.3047 5.50748 15.047 0.882931
20.2921 24.1545 20.7331 25.0272 0.977726
64.6468 4.57114 64.5684 5.17882 0.612719
51.9486 18.1127 50.5839 19.3708 1.85617
33.0148 6.65703 32.0108 8.20554 1.84555
9.89093 4.5998 11.2989 5.46986 1.65509
36.6233 12.6833 36.8754 13.3822 0.742885
39.0229 4.17698 37.5484 4.51985 1.5138
34.9303 20.9499 33.4933 21.2477 1.46756
63.6799 21.0224 63.7441 21.7109 0.691509
20.2169 2.23309 19.7152 2.42055 0.535608
21.5788 18.6184 20.5896 19.1615 1.12841
25.8575 27.4305 24.5128 28.8374 1.9462
46.061 24.3043 46.1417 25.5594 1.2577
46.1221 19.7787 46.8772 20.467 1.02175
24.4952 28.3749 22.9152 28.8075 1.63818
65.0385 0.271825 64.2481 0.436558 0.807377
15.2291 26.9834 14.1813 27.4988 1.1677
6.52858 26.1069 6.17239 26.9453 0.910922
39.6022 20.652 40.0311 22.1797 1.58672
14.8603 10.5636 14.9079 11.8755 1.31274
61.9895 29.4742 60.7939 29.7161 1.21982
63.6069 18.7772 64.938 20.08 1.86255
63.2157 20.2008 64.2007 21.2318 1.42595
35.6136 17.6675 36.0585 19.06 1.46188
38.1298 12.6133 37.8551 14.5395 1.9457
4.325 1.66398 4.31021 2.85047 1.18659
44.6052 14.9383 45.2599 16.3176 1.52682
21.3461 1.98856 20.8695 3.67521 1.75271
55.2513 19.1951 54.2738 19.274 0.980675
23.6379 16.3955 23.6769 18.3168 1.92167
65.3413 7.38299 65.1752 7.90892 0.551526
16.6369 11.7113 16.1672 13.4211 1.77308
6.8887 13.2451 6.1386 13.4415 0.775383
52.3982 30.8013 50.4616 31.2113 1.97954
16.6094 15.1821 17.3029 16.1071 1.15613
40.1239 17.5609 38.7454 17.6495 1.3813
9.19 8.34284 7.77844 8.4877 1.41897
19.1411 1.54127 17.34 2.18056 1.91118
15.4684 15.2008 16.1193 15.7145 0.82918
16.8913 22.6343 16.6226 23.2214 0.645659
39.3344 5.61372 39.6809 6.15462 0.642381
4.80629 12.4447 5.59472 12.5568 0.796357
13.4082 30.9377 15.0494 31.4919 1.73218
63.3537 2.36897 62.7391 3.52173 1.30635
55.5352 15.7197 54.7932 17.38 1.81848
46.3797 22.8702 47.7625 23.9215 1.73708
20.1225 28.1371 20.2296 29.0255 0.89485
54.494 5.5793 52.8062 6.04363 1.75047
31.8982 24.7334 30.8387 26.0344 1.67787
6.85692 23.4607 5.7336 24.9927 1.89966
64.3259 10.0846 63.6075 10.2439 0.735856
29.3828 20.356 28.4131 21.23 1.30543
44.2602 26.8368 45.4274 27.1841 1.21773
3.61177 26.9101 2.66509 27.0198 0.953012
58.0364 28.9609 56.962 29.745 1.3301
53.5119 24.7706 52.6736 25.3352 1.01066
63.2397 9.46615 62.0093 10.4884 1.59969
4.11283 0.622591 4.43728 1.61688 1.04589
47.8585 15.2115 47.5855 15.9962 0.83083
19.6555 3.75407 18.4184 4.35641 1.37598
19.7865 6.45367 18.0396 7.23587 1.914
38.042 31.3544 39.1392 31.4879 1.10528
11.8307 11.4498 10.748 11.9225 1.18137
63.7061 14.7758 64.053 16.6738 1.92945
43.3366 14.4558 42.1582 14.8245 1.23476
44.4756 7.28182 43.2945 8.47143 1.67637
46.1504 22.6328 44.7852 23.0251 1.4204
36.736 16.0342 35.8892 16.6586 1.05214
42.4707 28.3079 43.0621 28.4481 0.607801
58.674 0.164497 58.0321 0.476058 0.713504
51.8151 27.3426 51.7638 29.0416 1.69976
31.8203 14.4722 30.1972 14.7352 1.64418
50.7387 27.0332 50.6902 27.7329 0.701377
9.07274 17.2136 7.55256 17.7877 1.62497
9.472 7.86361 10.5302 9.31642 1.79732
29.3841 29.1577 29.7393 29.5373 0.519838
61.3464 19.7608 61.3853 21.2752 1.51485
26.6894 21.7083 27.3556 22.9686 1.42556
54.618 19.6904 55.435 21.0934 1.62365
2.64997 13.5135 1.14079 13.8258 1.54114
21.7433 24.7502 22.6519 25.1253 0.982918
36.0794 29.9095 35.1179 30.2261 1.01232
16.4163 17.2659 17.3925 17.9495 1.19174
63.8452 9.34285 64.653 10.3919 1.32411
12.3979 26.8398 13.0825 27.1157 0.738082
49.8488 7.76449 49.1751 8.20345 0.804106
18.9334 5.6836 18.0873 6.11234 0.948522
15.8627 10.5072 17.1637 10.8327 1.34106
10.2375 10.1942 11.8293 11.2374 1.90319
56.6154 20.6223 55.4946 21.1236 1.22783
63.9009 26.3428 65.3385 26.5812 1.4573
15.4661 19.3397 14.6816 19.668 0.850456
10.4748 17.0543 10.8113 17.7619 0.783568
5.54258 7.23769 5.00401 8.36151 1.24621
23.542 11.9792 22.6693 12.049 0.875468
61.3736 12.0967 60.6164 12.2077 0.765258
53.5218 0.795789 52.7809 1.33545 0.916634
26.5708 17.2702 27.1046 17.8071 0.757161
2.5777 14.731 1.95737 15.0431 0.69438
9.35794 5.63764 10.1093 5.82689 0.774865
35.8378 12.0599 34.8215 12.9014 1.3195
3.07796 10.4129 2.54954 11.4972 1.20626
66.1374 17.9812 64.6361 18.0179 1.50181
18.9266 2.2418 18.1995 3.79808 1.71773
25.9761 20.5252 27.1253 20.6431 1.1552
58.191 11.7921 58.1533 12.3854 0.594464
12.8957 0.0906467 13.0917 0.860851 0.794747
46.6767 22.701 45.7345 24.2517 1.81451
12.8467 7.68698 14.4447 7.94458 1.6186
53.3435 20.3303 53.1158 22.0014 1.68661
29.8256 29.3404 31.6401 29.3575 1.81453
32.4148 20.0008 31.9934 20.7602 0.868495
8.94098 3.9158 9.05981 5.73874 1.82681
37.6774 14.6393 36.6904 15.0896 1.08486
8.79666 0.0750387 8.16047 0.369182 0.700905
52.0043 29.1902 52.5537 30.982 1.87415
2.63339 5.51635 3.05404 6.52191 1.09
56.3061 5.28051 55.4793 6.38405 1.37895
22.7939 3.53934 24.4158 3.93351 1.66909
45.5085 16.4143 45.9346 17.4272 1.09887
13.8882 18.1527 13.4396 19.414 1.33874
14.7842 23.4459 15.1645 24.1204 0.774324
28.2116 23.9672 27.6431 24.1836 0.60828
13.9778 27.189 13.4263 27.3362 0.570748
8.31267 12.796 8.68556 13.6122 0.897369
18.5814 30.4992 16.6993 30.5778 1.88378
62.1738 28.8771 61.2228 30.2661 1.68335
41.4445 24.1416 39.683 25.0225 1.96951
23.4053 1.20527 22.0747 1.709 1.42273
54.5572 27.914 56.1179 28.5892 1.70047
5.85096 27.1645 6.68581 27.495 0.897877
26.7684 29.1002 25.6417 30.2802 1.63158
25.1201 19.8448 26.6989 20.8581 1.87602
41.237 18.2617 40.9947 18.8151 0.603996
35.1898 23.1093 33.9658 24.4945 1.84851
3.08015 24.9589 1.42959 25.3535 1.69708
57.9803 20.0675 58.6083 21.5026 1.56649
8.80072 27.7869 8.5915 28.8048 1.03915
12.0124 13.9228 12.4359 14.5678 0.771593
21.3681 11.8636 20.3924 13.3748 1.79888
48.3256 12.3877 48.9599 12.8793 0.802543
8.16846 24.3865 7.5438 24.708 0.702563
61.0993 4.4153 60.2707 5.22102 1.15573
35.1653 23.0114 34.1106 23.224 1.07597
35.8403 18.1675 35.4198 18.7398 0.710203
64.2988 13.5397 63.8104 13.9349 0.628278
44.6693 15.3951 45.3168 16.6047 1.37198
28.2947 9.8076 27.2672 10.2935 1.13657
34.718 15.6892 34.7417 16.7252 1.03626
27.8458 11.6252 26.4742 12.988 1.93346
51.0241 24.0421 51.8501 25.4816 1.65959
58.5281 18.6666 58.8157 19.4731 0.856184
62.0606 31.3003 62.9593 31.5906 0.944437
37.1668 22.7392 38.7873 22.8054 1.62177
30.5491 19.4596 29.4738 19.7041 1.1028
60.7185 27.0481 60.087 28.4336 1.52256
13.4434 3.78161 12.9993 4.83435 1.14259
25.0156 17.9372 25.6898 18.1206 0.698692
46.3656 17.2997 45.6374 18.7761 1.64623
39.4117 19.8873 38.9861 21.1043 1.28924
25.716 13.806 24.5503 15.2419 1.84948
53.7907 0.198974 53.4082 0.994679 0.882865
22.779 4.09853 22.7267 5.52385 1.42628
1.00861 13.383 2.12788 13.4688 1.12256
49.1874 2.23333 48.3159 3.2305 1.32434
31.2618 17.6686 32.6809 18.8606 1.85327
57.9166 21.3203 57.4932 23.22 1.9463
24.8151 9.1917 25.6873 9.2977 0.878639
11.9779 2.39748 11.3962 2.67453 0.64432
60.4799 12.0381 60.9575 12.56 0.707514
41.598 12.1806 40.5446 12.489 1.0976
58.3425 27.9512 56.5633 27.9736 1.7793
29.658 4.55754 29.5241 5.37442 0.827777
15.4582 10.0966 15.3168 10.6531 0.574106
22.8381 14.1328 24.2679 14.1492 1.42995
30.1662 19.2286 28.3976 19.6669 1.8221
32.2439 6.33296 30.401 7.01997 1.96684
6.36918 11.0635 6.83856 11.3958 0.575109
45.6942 4.62778 44.4246 5.61223 1.60654
11.2347 26.2841 11.4603 27.2722 1.01347
27.2505 27.6636 25.707 28.865 1.95596
18.836 13.6191 19.8626 13.6603 1.02743
23.7659 23.6466 23.0666 24.1171 0.84292
27.5402 11.9569 27.683 12.6498 0.707513
50.7826 7.53276 49.9382 7.7985 0.885168
8.99182 3.34312 7.69417 3.73353 1.35511
4.39715 7.0429 5.40976 7.23748 1.03114
28.2853 1.15066 27.6337 2.18278 1.22057
3.39936 12.6426 5.30346 12.8247 1.91279
34.0356 9.40524 34.5971 9.65296 0.613643
15.7867 9.87776 17.5717 10.4993 1.89013
18.0835 18.9953 17.9997 19.7156 0.725145
2.24176 19.2246 2.69426 20.8043 1.64329
9.80358 13.3267 10.946 13.8453 1.25466
17.9264 22.9406 17.4306 23.2164 0.567333
6.64517 5.74723 6.42274 7.39282 1.66056
20.5795 4.04746 19.4438 4.89506 1.41715
20.989 29.4966 22.4611 30.4189 1.73707
54.4309 15.076 53.6353 15.3612 0.845111
63.3044 22.6215 64.0808 23.2254 0.983589
40.0218 9.6715 39.8064 10.3087 0.672574
35.986 24.5143 36.3927 25.7214 1.27374
12.3956 27.9694 11.176 29.1299 1.68348
53.5074 9.1221 52.8334 10.9783 1.9748
34.5855 24.0835 34.4374 25.4424 1.367
42.1417 1.81705 40.8772 2.26778 1.34245
4.05893 22.2203 2.68165 22.707 1.46072
49.0055 0.258013 49.6808 0.950514 0.967214
17.229 18.7759 18.2666 18.9614 1.05402
60.3171 22.4825 59.2934 22.6699 1.04076
43.348 9.40941 41.7349 9.79305 1.65808
32.1084 18.8723 31.5036 19.2766 0.727476
33.2556 6.44832 33.6797 7.67666 1.29947
26.1285 29.3819 26.0413 31.2584 1.87851
53.5765 29.224 52.746 29.912 1.07852
15.5426 0.689125 16.1144 1.17152 0.748089
53.8059 22.8104 54.9662 23.5837 1.39435
53.2883 9.05987 53.8582 9.33553 0.633058
20.2493 11.1611 19.5745 11.3211 0.69353
43.0186 23.0901 44.602 24.0596 1.85654
19.9875 23.1729 21.4545 23.3946 1.48362
43.7582 12.0696 43.1747 13.8707 1.89332
50.6213 1.53812 50.2221 1.96115 0.581613
44.4127 1.795 44.468 2.55852 0.765518
55.7734 0.0520246 55.2726 0.897246 0.982462
58.1219 0.803039 56.7992 1.03619 1.34314
47.7199 8.18324 46.5278 8.83494 1.35858
8.47816 16.1182 7.8234 17.9355 1.93168
13.5517 14.8088 12.6003 15.5375 1.19833
63.1727 20.0893 62.6102 20.3834 0.634714
50.8548 28.1036 50.3667 28.6155 0.707333
3.73838 6.40951 3.52249 7.19179 0.811528
20.7264 12.9536 20.1676 13.9255 1.12118
47.8969 12.2508 48.0543 13.0687 0.832911
58.3485 3.00433 58.7522 3.69069 0.796267
5.56151 14.6938 4.18131 15.7772 1.75467
22.1715 11.9864 21.7173 13.5089 1.5888
23.5593 15.8203 24.0305 16.4954 0.823287
65.2155 8.37159 64.7451 9.51207 1.23367
25.468 27.379 24.8444 27.8973 0.810859
29.6596 27.4247 29.609 28.6059 1.1822
39.8763 2.66352 38.983 3.5014 1.22475
45.0831 10.6744 45.5615 12.037 1.44422
30.5003 7.25435 28.9431 7.6229 1.60018
42.7439 12.296 42.1959 13.085 0.960676
10.4037 23.4489 9.49522 24.8671 1.68428
6.78597 0.927108 6.84166 2.10095 1.17516
58.3557 5.79446 59.3413 6.18241 1.05919
51.0139 10.1343 52.6887 10.4842 1.71093
43.0642 11.2906 42.2874 11.7638 0.909509
54.1087 13.4092 54.153 14.3564 0.948295
37.9905 29.5501 39.3949 30.6481 1.78262
34.3122 24.2877 32.5259 25.099 1.9619
4.02698 23.3946 2.75619 23.9027 1.36861
52.7617 13.8362 51.9008 15.4973 1.87103
38.4232 4.00447 38.4561 5.78766 1.78349
21.7757 26.3374 20.4649 26.3398 1.31077
39.1895 24.3558 38.6077 24.7593 0.708102
37.3794 18.0349 37.6903 18.4399 0.510514
53.4041 7.91045 53.8853 8.48257 0.747565
60.4837 12.4238 61.5508 13.8957 1.81807
30.9891 29.0406 31.2048 29.5598 0.562301
20.6921 17.1706 19.135 17.9026 1.72062
59.7081 9.33378 59.5762 10.0352 0.713739
37.1867 14.9184 36.6233 14.963 0.565192
30.8552 19.1133 30.8435 19.618 0.504835
5.11882 22.9659 5.20173 23.5566 0.596438
49.9005 19.5412 50.8232 19.9847 1.02375
42.5409 9.23655 42.2657 9.80095 0.627913
40.0057 7.97384 39.2181 9.10405 1.37753
61.3867 12.8756 62.6783 13.1382 1.31803
36.3762 2.07419 35.6198 2.35009 0.805137
42.0687 30.2469 41.4219 31.4983 1.40871
14.6531 17.5828 15.2284 17.6249 0.576894
44.0248 18.8267 44.6113 19.273 0.737024
59.1672 27.9476 60.0584 29.3177 1.63444
40.4667 1.54017 38.7802 1.6683 1.69133
35.7522 9.31334 35.2291 9.4363 0.537326
62.4455 3.10025 61.7834 4.2882 1.36001
64.6489 6.93414 64.2668 7.66594 0.825535
39.6412 11.9847 40.1693 12.9914 1.13679
21.6465 20.1447 21.9137 21.187 1.07603
11.9759 27.1615 10.5195 27.8103 1.59437
24.6298 14.2589 25.1758 15.6073 1.45479
50.9337 17.4106 50.042 19.1261 1.93333
38.7487 9.39797 37.5124 10.076 1.41004
47.8598 2.34608 46.6557 3.87775 1.94828
46.487 14.5477 47.1293 14.8789 0.722648
27.7273 25.2278 28.7849 25.6733 1.14757
8.33918 26.5512 6.53368 27.3513 1.97483
47.5215 2.88833 47.1099 3.20667 0.520401
49.4802 12.5677 49.1132 13.5131 1.01413
61.4072 13.5082 60.1815 14.6903 1.70285
41.8305 17.2915 42.8517 18.5473 1.61867
12.7847 7.04713 14.5385 7.34819 1.77947
17.5743 19.8655 19.0748 20.043 1.51102
13.1977 3.90539 13.2709 4.43715 0.536764
63.0272 7.92957 62.8899 8.68874 0.771494
60.4634 15.3437 60.6347 15.8369 0.522112
51.5095 9.50391 51.9224 10.2814 0.880356
33.5754 8.72104 33.5263 9.7864 1.06649
19.2444 3.34592 19.8332 3.80043 0.7438
12.781 21.4066 14.4467 21.8063 1.71298
20.4479 9.28395 22.2404 9.81247 1.86883
18.0106 13.9445 18.7059 14.3804 0.820587
41.6957 17.9023 42.4861 18.2237 0.853271
20.0731 20.2172 20.2361 21.5639 1.35655
24.5992 0.128741 24.0905 0.261795 0.525751
53.2424 31.1843 54.425 31.2024 1.18276
3.30384 6.38432 2.43609 6.99018 1.05834
35.0552 29.9976 33.5656 31.0589 1.82898
30.944 9.39789 30.2686 9.61631 0.709838
58.3632 18.8113 56.5456 19.0947 1.83954
42.1042 7.92868 43.559 8.70827 1.65053
35.43 0.0233198 35.1757 0.90049 0.913296
34.3189 15.576 35.1499 16.06 0.961619
40.6034 11.4593 40.5779 12.3925 0.933559
47.7115 4.51827 46.6528 5.22991 1.27561
52.3456 9.81143 51.1683 10.4433 1.33619
3.45298 5.55831 2.86086 5.924 0.695945
2.73783 24.7483 2.02277 26.3997 1.79954
55.4243 30.1948 56.6935 31.118 1.56946
64.8401 6.33624 64.0676 7.12179 1.10174
8.37198 26.6806 7.3629 27.7103 1.44171
61.7569 6.35203 62.8233 6.91336 1.20505
29.5201 28.1593 30.1245 28.9076 0.961854
23.9532 14.4397 23.9865 14.9993 0.56062
43.0786 29.2903 42.6388 31.222 1.9811
49.9118 1.75026 50.5005 3.59349 1.93495
17.7714 7.03331 18.0551 7.64378 0.673164
32.0197 30.2239 32.0588 30.8678 0.645084
63.8048 20.582 62.1684 20.9253 1.67202
2.85199 8.52828 1.72365 9.59291 1.55132
30.1268 30.8155 31.1784 30.929 1.05766
47.248 21.088 48.3982 21.5623 1.24418
42.8265 24.3311 43.6094 24.8281 0.92737
55.4034 3.64676 53.5699 4.25424 1.93151
19.3541 29.9252 18.1671 29.9483 1.1872
28.0055 21.9511 26.0237 22.1581 1.99252
54.2698 8.53358 54.0843 9.74693 1.22745
61.2476 11.7684 60.7979 13.1361 1.43974
18.6813 19.4305 19.39 20.6054 1.37219
63.8302 7.42396 64.4048 8.24658 1.00342
47.5465 22.2403 48.0914 22.5131 0.60933
8.45422 23.658 7.88008 24.5079 1.02559
11.0396 3.39269 9.91597 3.56721 1.13707
3.06566 14.9693 1.46813 16.1653 1.9956
8.8422 7.24897 8.65139 7.9879 0.763169
53.7007 0.120324 52.2434 1.28872 1.86783
25.1387 28.9398 26.0682 30.6628 1.95772
23.8593 6.80564 24.4529 7.66735 1.04639
44.033 19.7993 43.7187 21.3916 1.62297
37.5505 15.0546 36.1824 15.8825 1.5991
32.2204 18.5938 31.7282 20.3061 1.78167
61.4081 0.109518 60.3677 0.28046 1.05443
57.7898 13.7479 58.8767 14.0251 1.12169
51.5738 17.8251 52.3809 18.9165 1.35735
0.735688 13.8375 2.17438 13.9208 1.4411
17.1155 17.2766 18.1004 18.5593 1.61723
12.1974 27.5512 11.8262 27.9442 0.54062
61.3693 6.26427 60.2607 6.41206 1.11836
46.3296 22.7152 45.624 23.407 0.98816
64.6646 3.41949 63.6892 3.97765 1.12381
10.5858 28.3693 9.83322 29.1352 1.07383
14.9297 4.19883 15.1294 4.84061 0.672111
21.4774 21.1157 20.2948 21.1304 1.18268
42.9257 3.48856 42.2658 4.9848 1.63533
4.85228 14.4853 4.05003 14.5323 0.803622
45.3609 0.0866548 45.6477 0.958561 0.917851
10.9732 29.9194 11.4776 30.5404 0.800042
32.442 5.71243 33.3293 7.25455 1.77921
7.77373 1.10127 6.83336 2.51144 1.69496
27.0289 8.90889 26.031 9.29943 1.07164
25.8414 21.8838 25.5759 22.3678 0.552106
26.23 12.6352 26.8048 12.8622 0.618024
33.3454 27.0902 31.9269 27.1429 1.41945
60.1268 24.5124 60.7354 24.5229 0.608643
37.4734 4.32545 37.7951 4.92658 0.681802
50.3604 5.14077 50.0825 6.59104 1.47664
54.9441 18.9577 54.7554 19.6992 0.765082
10.6102 23.7833 10.3728 24.228 0.504064
50.3702 28.6009 51.7214 29.5558 1.65452
17.9984 25.109 18.0044 26.8317 1.72278
18.6843 8.58099 20.2144 8.61656 1.53051
8.81267 12.8459 9.38177 13.4001 0.79435
2.57038 17.7725 1.70397 19.3273 1.77989
46.4702 11.7341 45.2755 11.8535 1.2006
58.6856 29.6238 57.6924 30.8713 1.59457
42.2901 12.1836 43.126 12.3722 0.856889
61.4665 25.1989 61.5249 26.2066 1.00936
57.7718 29.8132 57.3421 31.372 1.61687
8.2689 7.68545 7.94219 8.35692 0.746733
20.8883 30.3544 19.3782 31.3445 1.80577
31.8108 0.307511 31.5979 0.78326 0.521233
43.2917 19.0109 42.5635 20.7423 1.87832
31.7845 2.47235 31.9011 3.27853 0.814559
30.6949 16.0922 31.871 16.4372 1.22564
33.4378 3.66526 31.7164 4.64005 1.9782
19.5336 27.1201 19.326 27.975 0.879746
32.2367 20.8471 32.4906 21.3736 0.584524
51.7463 0.902324 53.5373 1.21911 1.81882
39.7464 19.3796 39.0269 20.6694 1.4769
59.8098 12.8146 58.0614 12.831 1.74846
29.7131 9.09498 30.6094 10.8087 1.93398
31.8898 5.60892 31.356 5.93553 0.625782
22.851 22.9053 23.8564 23.4772 1.15675
21.4405 3.55383 21.3801 4.31661 0.765165
32.8623 26.6252 34.1695 27.2039 1.42957
45.0731 7.70464 45.8881 8.28158 0.998572
19.0447 8.68658 17.4094 8.90648 1.65007
59.4054 16.2192 59.4015 17.026 0.806803
3.74902 7.55071 3.0754 9.27684 1.85292
29.2197 22.6549 29.407 23.2924 0.664449
24.4507 0.44816 25.164 1.13537 0.99043
53.4724 9.86039 52.8744 10.5297 0.897484
42.6206 8.00781 42.0432 8.28735 0.641492
43.2913 29.2193 42.907 30.8913 1.71566
7.26733 1.53592 8.96736 1.64933 1.70381
53.5187 27.4458 53.3134 27.9139 0.511133
23.3184 17.2174 22.3246 18.3866 1.53451
52.7741 18.9903 53.7464 20.0032 1.40406
62.0802 23.2647 63.6146 23.4106 1.54132
13.6669 25.9529 14.4005 26.3789 0.848312
62.8902 3.27596 63.1068 3.98693 0.743232
57.242 30.2556 58.9175 31.1714 1.90943
44.397 3.70701 45.5248 4.87776 1.62561
61.7933 23.6397 61.9453 24.2326 0.612045
52.4058 30.5113 51.9891 31.0429 0.675422
24.6439 14.3622 25.5493 14.7651 0.990989
42.9829 2.95348 42.931 4.58156 1.62891
6.13818 28.9358 5.21688 29.4118 1.037
43.6379 26.7755 43.6274 27.3639 0.588536
41.5263 29.5246 41.5077 31.3503 1.82574
36.6273 29.5448 37.326 31.3463 1.93224
48.063 26.1589 47.6459 26.8251 0.785955
14.4244 0.908364 12.5436 1.51949 1.97759
41.9053 21.5569 42.0695 22.6325 1.08804
40.904 24.3641 40.1942 25.0476 0.985441
3.27052 6.91631 3.54487 7.89913 1.02039
38.2951 12.0131 36.4239 12.6475 1.97583
39.0666 25.0612 38.7192 26.1424 1.13559
62.1294 26.1142 60.3853 26.2538 1.74964
8.93009 3.11113 9.00171 3.78857 0.681218
60.8088 7.55627 61.2564 7.80424 0.511682
12.8025 13.7087 12.4881 14.3792 0.740507
40.298 20.3094 40.3928 21.4164 1.11097
27.1589 19.9859 26.9542 21.4561 1.48442
6.20583 13.2103 6.92535 14.9441 1.87722
32.2494 29.1096 31.4215 29.2732 0.843903
24.1478 1.01029 25.4763 1.61406 1.45927
10.427 16.2905 9.0416 16.9807 1.54781
1.04035 16.9186 2.71513 16.9594 1.67528
50.4532 5.41592 51.0091 6.83184 1.52117
23.4894 8.8276 23.5489 9.50692 0.681923
64.8276 1.09053 64.2071 2.58923 1.62209
21.6031 24.3125 20.9899 24.7885 0.7763
45.084 10.4024 44.8969 11.8165 1.42638
51.765 1.67998 52.1524 2.11657 0.583654
13.7443 26.2905 14.5291 26.4721 0.805555
3.21016 10.5064 3.65533 12.3397 1.88661
49.6441 6.49422 48.5054 6.56122 1.14075
29.8284 27.4759 31.3345 28.1767 1.66117
50.3193 15.7015 48.8733 16.3373 1.57961
45.8442 2.9336 46.3916 3.04648 0.558923
6.77432 10.0041 7.68224 10.914 1.28546
20.8636 21.8674 21.4684 23.4459 1.69037
15.8088 12.4149 15.2446 12.8549 0.715541
9.61154 28.805 10.5175 28.9494 0.917345
11.554 28.3441 12.7132 28.5404 1.17572
29.42 24.3256 30.068 24.5191 0.676279
7.69717 7.75709 7.9195 9.01187 1.27432
5.8877 18.4759 5.00779 18.8982 0.976025
38.6989 1.89194 39.67 2.89318 1.39484
36.4682 17.3223 37.6826 17.8524 1.32505
25.129 8.3304 25.6958 8.82733 0.753822
22.8559 23.0592 24.4803 23.3787 1.65554
56.9411 25.2586 57.5044 25.5961 0.656653
40.9926 29.8042 39.3217 30.4088 1.77685
19.3468 20.3379 18.2119 20.3711 1.13538
45.0854 18.2421 45.2566 19.6295 1.39794
51.6836 23.8528 52.5713 24.0304 0.905234
19.6768 2.00145 19.7616 3.33939 1.34062
19.207 29.8999 19.1366 30.7431 0.846186
29.3023 30.7013 27.9784 31.6046 1.6027
1.15494 2.52008 2.08812 2.80516 0.975751
57.4747 2.46929 56.8993 3.09559 0.850475
62.8728 9.68974 64.2666 10.6454 1.68991
6.62433 16.8564 8.00058 17.1383 1.40482
3.79278 28.5833 3.70855 29.5924 1.01256
9.55023 27.8455 11.0111 28.0199 1.47122
35.0382 26.6135 34.5557 27.2607 0.807261
49.8718 7.57673 49.2963 9.01216 1.5465
35.7214 20.0929 35.1573 21.921 1.91316
42.8377 15.4665 42.169 15.8505 0.771113
54.3269 26.3415 52.4421 26.6793 1.91477
45.4882 6.78562 45.4447 7.99271 1.20788
45.2213 13.8904 44.8154 14.2509 0.542796
64.5621 21.0116 65.167 21.0462 0.605839
63.6048 30.9324 63.3038 31.4936 0.636845
35.2731 10.971 36.3626 11.2002 1.11332
24.5984 18.1121 24.0742 18.2704 0.547566
37.8645 4.71446 39.0748 5.107 1.27238
60.8894 5.329 59.0108 5.58317 1.89577
25.5415 19.2223 26.3323 19.7867 0.971574
29.3984 20.4453 29.2107 21.9196 1.48628
41.1664 11.9497 40.207 13.0345 1.44817
56.0918 7.70487 55.8786 8.9476 1.26088
8.71343 14.3648 9.43675 15.4363 1.29276
27.1349 3.13046 28.6339 4.30969 1.90724
12.4799 2.0326 12.2015 2.54411 0.582327
24.5878 14.2754 24.757 15.3458 1.08366
4.64069 21.5197 3.32307 22.7559 1.80676
9.23933 20.666 8.82037 21.1196 0.617534
37.1808 25.3648 36.1727 25.8183 1.10543
59.0488 25.7738 59.9743 26.776 1.36412
60.7793 0.712432 61.8394 1.82754 1.53858
52.4202 9.08761 51.8962 10.9489 1.93361
33.7229 12.0482 33.5234 12.534 0.525188
54.302 0.230958 55.8947 1.08629 1.80783
43.6717 15.6734 42.9726 16.4301 1.03026
62.7146 11.1267 62.6547 12.4902 1.36481
22.2131 4.04243 21.8002 4.51901 0.630574
37.3889 19.3708 38.2429 20.135 1.14601
51.7767 5.54363 52.0674 7.20696 1.68853
26.6301 4.2952 27.8863 5.3961 1.6703
3.69082 25.5322 4.49009 26.9061 1.58951
41.3437 19.6763 40.6809 19.9198 0.706173
26.1628 10.2449 26.6745 11.3705 1.23645
59.4987 17.5764 59.0516 18.7407 1.24718
13.9907 27.802 12.8522 27.9553 1.14872
16.0349 25.0283 16.3549 26.1235 1.14099
34.2787 20.4755 34.2241 21.1815 0.708091
41.2608 13.0047 40.475 13.7103 1.05615
29.3745 20.7545 30.352 22.3616 1.88107
17.9102 11.9006 17.8652 13.2511 1.35125
6.15821 29.574 7.19682 30.3585 1.3016
60.6575 16.5729 61.9542 18.0626 1.97505
43.1899 10.0156 43.9803 10.5053 0.929828
38.2482 27.6626 37.8525 29.2942 1.67893
33.0296 29.1891 34.4047 30.1026 1.65086
55.0628 7.09558 53.3599 7.65402 1.79208
57.4061 19.2196 59.3239 19.3584 1.92282
64.9951 14.7961 65.2434 15.868 1.10026
55.6262 28.9417 56.2134 29.921 1.14186
55.6978 20.0316 56.328 20.3661 0.713438
31.8888 13.854 32.5758 15.3283 1.62654
52.7961 5.80224 51.8233 7.09889 1.62096
44.0921 29.4635 42.8573 29.5876 1.24099
22.143 1.19885 21.8999 3.15046 1.96669
51.9564 1.16544 53.7067 1.98649 1.93329
9.34475 22.4129 8.31604 23.5966 1.56821
34.4449 12.0243 35.5077 12.8906 1.37116
48.6011 28.1825 47.823 29.5065 1.53566
24.4785 24.7656 23.8298 25.9802 1.37704
64.7891 11.6516 63.6033 11.758 1.19059
8.76174 10.348 7.9715 11.1428 1.12085
37.7656 22.9844 39.5892 23.722 1.9672
52.6002 29.9256 53.757 30.8936 1.5084
27.2159 14.5075 27.4271 15.0913 0.620802
7.17268 10.1363 6.38079 11.3573 1.45536
22.0144 15.7661 20.7771 15.9322 1.24835
55.5977 3.02725 54.9306 3.87631 1.07976
44.3389 0.00856571 45.7887 0.495764 1.5295
63.5053 11.7201 63.4169 12.7861 1.0697
40.67 9.72268 40.1451 10.7654 1.16739
12.7524 12.3739 12.1569 13.8061 1.55111
6.61201 3.34109 6.40004 4.73069 1.40567
29.5655 24.1278 29.6624 25.1573 1.03407
57.8129 13.4852 56.6113 14.4595 1.54703
39.9422 19.8912 39.8788 20.7666 0.877626
35.2188 22.4829 34.6768 22.4953 0.542128
60.8438 3.26017 60.8669 4.64693 1.38695
23.8216 21.3874 23.7819 22.3621 0.975469
38.7385 11.6865 37.9214 11.8671 0.836816
58.7317 2.18441 57.6512 2.67718 1.18762
62.916 27.4287 63.2844 28.1186 0.782094
33.4508 21.2378 32.916 23.0244 1.86499
47.2677 4.39752 48.4154 4.884 1.24661
27.0238 19.5715 28.6645 19.7674 1.65244
34.6709 0.920566 35.6692 2.22943 1.64615
61.2406 20.9612 62.2271 21.2924 1.04055
43.7315 15.357 42.0379 15.877 1.77163
11.137 30.1501 12.1599 30.6196 1.12553
23.2344 22.6073 22.2772 22.9209 1.00719
41.2594 22.6507 39.8168 23.7373 1.80612
61.9034 14.7344 62.2932 16.2493 1.56424
20.3632 22.342 19.3352 23.1067 1.28122
18.9873 22.9575 18.019 23.6028 1.16365
14.9504 7.39302 14.3962 9.06036 1.75704
46.4968 13.5913 45.2191 14.7041 1.69446
32.3817 18.4056 31.7197 19.8905 1.62584
14.1202 15.7864 14.3686 16.367 0.63154
26.713 19.4508 26.769 20.1547 0.706188
45.0476 14.7713 44.0495 16.0732 1.64048
46.2087 12.2912 45.8919 13.9222 1.66143
6.91057 21.5208 7.59769 23.1721 1.78855
43.9864 29.6906 44.3993 30.7878 1.17231
31.9499 29.1286 33.1845 30.6931 1.99296
4.28462 24.885 3.40945 26.1393 1.52945
43.8578 16.1707 45.1817 17.359 1.779
36.6468 29.9726 38.1772 30.5756 1.64493
